100014756,387,387,687,1,0,0,0,0,1,2,4,6,23,55,0,0,0,0,1,2,4,6,20,47,0,0,1,4,11,25,1.0,1.1702127659574468,0.01818181818181818,0.04,0.02127659574468085,0.0,720,0,0,0,0,1
100268421,720,720,567,5,0,0,0,0,0,1,17,19,24,25,0,0,0,0,0,1,14,16,20,21,0,0,0,4,5,6,0.0,1.1904761904761905,0.0,0.0,0.0,0.0,720,0,0,0,0,0
100310674,720,720,702,111,0,0,0,0,0,0,0,1,13,34,0,0,0,0,0,0,0,1,13,32,0,0,0,1,2,9,0.0,1.0625,0.0,0.0,0.0,0.0,720,0,0,0,0,0
100699909,720,720,707,1,0,0,0,0,0,3,6,9,10,52,0,0,0,0,0,3,6,9,9,47,0,0,0,5,6,18,0.0,1.1063829787234043,0.0,0.0,0.0,0.0,720,0,0,0,0,0
101821448,720,720,587,112,0,0,0,0,0,0,0,6,11,19,0,0,0,0,0,0,0,5,9,16,0,0,0,3,6,12,0.0,1.1875,0.0,0.0,0.0,0.0,720,0,0,0,0,0
102700496,720,720,361,313,0,0,0,0,0,0,0,0,2,3,0,0,0,0,0,0,0,0,2,3,0,0,0,0,1,2,0.0,1.0,0.0,0.0,0.0,0.0,720,0,0,0,0,0
103299356,656,151,687,13,0,0,1,1,2,1,3,11,34,55,0,0,1,1,2,1,3,10,30,47,1,1,2,5,11,19,1.0,1.1702127659574468,0.03636363636363636,0.10526315789473684,0.0425531914893617,0.0,720,0,0,1,1,1
10461291,720,720,665,67,0,0,0,0,0,0,3,11,30,54,0,0,0,0,0,0,3,11,29,50,0,0,0,4,8,17,0.0,1.08,0.0,0.0,0.0,0.0,720,0,0,0,0,0
105181314,720,720,713,29,0,0,0,0,0,0,9,15,16,50,0,0,0,0,0,0,9,13,14,42,0,0,0,4,5,13,0.0,1.1904761904761905,0.0,0.0,0.0,0.0,720,0,0,0,0,0
105267575,292,292,707,27,0,0,0,1,1,0,1,21,34,55,0,0,0,1,1,0,1,17,26,44,0,1,1,4,10,18,1.0,1.25,0.01818181818181818,0.05555555555555555,0.022727272727272728,0.0,720,0,0,0,1,1
109802727,109,109,714,3,0,0,1,1,1,3,7,12,24,51,0,0,1,1,1,2,6,9,20,42,1,1,1,5,12,19,1.0,1.2142857142857142,0.0196078431372549,0.05263157894736842,0.023809523809523808,0.0,720,0,0,1,1,1
124053750,252,252,701,56,0,0,0,1,1,0,2,3,17,29,0,0,0,1,1,0,1,2,15,23,0,1,1,2,5,11,1.0,1.2608695652173914,0.034482758620689655,0.09090909090909091,0.043478260869565216,0.0,720,0,0,0,1,1
90795949,720,720,219,219,0,0,0,0,0,0,0,0,1,1,0,0,0,0,0,0,0,0,1,1,0,0,0,0,1,1,0.0,1.0,0.0,0.0,0.0,0.0,720,0,0,0,0,0
95591350,720,720,179,179,0,0,0,0,0,0,0,0,1,1,0,0,0,0,0,0,0,0,1,1,0,0,0,0,1,1,0.0,1.0,0.0,0.0,0.0,0.0,720,0,0,0,0,0
95993830,720,720,206,206,0,0,0,0,0,0,0,0,1,1,0,0,0,0,0,0,0,0,1,1,0,0,0,0,1,1,0.0,1.0,0.0,0.0,0.0,0.0,720,0,0,0,0,0
96089426,720,720,545,545,0,0,0,0,0,0,0,0,0,1,0,0,0,0,0,0,0,0,0,1,0,0,0,0,0,1,0.0,1.0,0.0,0.0,0.0,0.0,720,0,0,0,0,0
96363456,720,720,265,265,0,0,0,0,0,0,0,0,1,1,0,0,0,0,0,0,0,0,1,1,0,0,0,0,1,1,0.0,1.0,0.0,0.0,0.0,0.0,720,0,0,0,0,0
96927552,720,720,317,317,0,0,0,0,0,0,0,0,1,1,0,0,0,0,0,0,0,0,1,1,0,0,0,0,1,1,0.0,1.0,0.0,0.0,0.0,0.0,720,0,0,0,0,0
98692568,720,720,707,707,0,0,0,0,0,0,0,0,0,1,0,0,0,0,0,0,0,0,0,1,0,0,0,0,0,1,0.0,1.0,0.0,0.0,0.0,0.0,720,0,0,0,0,0
9909811,720,720,385,385,0,0,0,0,0,0,0,0,0,1,0,0,0,0,0,0,0,0,0,1,0,0,0,0,0,1,0.0,1.0,0.0,0.0,0.0,0.0,720,0,0,0,0,0
99512554,720,720,532,532,0,0,0,0,0,0,0,0,0,1,0,0,0,0,0,0,0,0,0,1,0,0,0,0,0,1,0.0,1.0,0.0,0.0,0.0,0.0,720,0,0,0,0,0
