最后一天浏览15021488
最后一天收藏242161
最后一天加入购物车425408
最后一天购买183343
0      1      2      3      4     5      6      7      8      9      10     11     
583246 297414 178979 121412 97158 111595 207696 318805 425716 539174 611788 614424 
12     13     14     15     16     17     18     19     20      21      22      23
648055 707719 699889 721176 702303 640426 722739 989198 1241968 1434101 1398090 1008417

[1]  31874  73827 114842 148768 174293 192619 210567 230686 251441 271830 292743 312065 331367 348864 363035 372968 380391
[18] 385530 388205 390930 394208 398539 406011 419811 428771 437927 445949 452312 456843 459973 462890 466045 469052 471949
[35] 474922 477522 479956 482281 484064 485307 486258 486936 487284 487603 487951 488514 489453 491126 494523 498800 502720
[52] 506010 508333 510062 511603 513507 515377 517137 518947 520684 522145 523650 524818 525644 526221 526582 526811 526987
[69] 527233 527587 528198 529389 531741 534802 537737 540176 541984 543350 544738 546115 547468 548812 550078 551257 552481
[86] 553640 554611 555373 555985 556224 556395 556576 556778 557061 557537 558537 560519 562934 565138 566939 568394 569452
[103] 570451 571573 572719 573799 574917 575922 576946 577926 578786 579534 580042 580341 580482 580599 580743 580986 581498
[120] 582812 587152 591163 594761 597766 599998 601654 603308 605209 607180 609255 611474 613623 615822 618135 620463 622407
[137] 623831 624735 625193 625557 625985 626630 628010 632322 635092 638029 640642 642587 644035 644996 645886 646750 647717
[154] 648603 649598 650457 651252 652021 652618 653009 653319 653513 653645 653741 653864 654016 654289 654879 656105 657637
[171] 659110 660211 661074 661678 662246 663005 663657 664300 665011 665626 666246 666823 667280 667583 667824 667988 668080
[188] 668142 668232 668322 668561 668969 669842 670956 672077 673069 673783 674327 674839 675434 676046 676539 677177 677706
[205] 678203 678692 679046 679325 679509 679636 679699 679745 679819 679937 680080 680446 681179 682218 683225 684039 684662
[222] 685127 685533 686041 686483 686935 687425 687838 688248 688667 688997 689242 689400 689481 689536 689582 689654 689769
[239] 689934 690269 690947 691854 692765 693513 694086 694503 694871 695282 695716 696077 696445 696784 697121 697452 697740
[256] 697973 698143 698227 698271 698310 698361 698461 698642 698949 699503 700246 700857 701442 701921 702227 702552 702892
[273] 703199 703498 703839 704106 704366 704631 704845 705053 705199 705286 705358 705398 705446 705520 705632 705881 706342
[290] 706853 707419 707875 708219 708466 708703 709002 709313 709587 709888 710139 710415 710674 710900 711026 711131 711195
[307] 711230 711265 711311 711371 711472 711687 712097 712710 713232 713637 713987 714224 714454 714720 714981 715247 715511
[324] 715762 716030 716249 716425 716563 716677 716756 716797 716834 716871 716932 717074 717276 717688 718264 718826 719292
[341] 719638 719911 720120 720385 720664 720928 721184 721441 721680 721890 722069 722235 722325 722402 722430 722456 722497
[358] 722550 722643 722811 723148 723644 724147 724578 724861 725084 725263 725502 725749 725958 726190 726413 726641 726834
[375] 727001 727109 727207 727263 727303 727325 727365 727412 727500 727676 728006 728469 728908 729298 729586 729759 729953
[392] 730153 730369 730606 730862 731052 731251 731448 731620 731736 731822 731879 731903 731930 731976 732028 732106 732271
[409] 732609 732967 733356 733672 733944 734131 734319 734535 734756 734963 735152 735310 735474 735640 735766 735879 735966
[426] 736020 736048 736069 736109 736164 736257 736423 736707 737017 737354 737615 737834 738002 738138 738291 738468 738628
[443] 738772 738899 739024 739164 739280 739380 739444 739485 739515 739526 739559 739598 739654 739783 740039 740311 740594
[460] 740820 740972 741106 741225 741360 741536 741702 741848 741990 742122 742256 742367 742444 742507 742545 742555 742582
[477] 742600 742621 742675 742792 743038 743345 743684 743917 744102 744246 744363 744521 744660 744816 744956 745072 745236
[494] 745385 745484 745555 745618 745660 745699 745715 745752 745776 745826 745931 746159 746436 746722 746902 747071 747215
[511] 747352 747498 747645 747804 747942 748052 748178 748313 748436 748503 748556 748582 748604 748618 748629 748658 748709
[528] 748813 748994 749231 749462 749689 749861 749950 750075 750198 750315 750441 750575 750730 750865 750992 751088 751156
[545] 751216 751269 751294 751315 751346 751379 751438 751555 751751 752042 752324 752557 752710 752828 752931 753035 753154
[562] 753271 753410 753530 753651 753776 753861 753918 753962 754001 754018 754029 754049 754087 754158 754254 754470 754724
[579] 754941 755149 755310 755416 755553 755698 755834 755960 756095 756170 756269 756369 756434 756519 756594 756620 756633
[596] 756645 756669 756700 756750 756837 756997 757214 757415 757565 757716 757821 757960 758076 758179 758287 758399 758478
[613] 758573 758657 758722 758783 758844 758884 758903 758915 758935 758959 759008 759107 759288 759458 759646 759796 759939
[630] 760025 760090 760189 760284 760387 760488 760584 760676 760734 760792 760844 760890 760924 760948 760962 760979 760993
[647] 761053 761128 761264 761450 761639 761807 761935 762015 762074 762157 762261 762341 762430 762507 762601 762693 762768
[664] 762840 762880 762908 762917 762929 762938 762962 762991 763055 763202 763394 763604 763761 763862 763945 764033 764131
[681] 764224 764310 764411 764503 764605 764689 764752 764806 764844 764857 764870 764883 764899 764913 764956 765035 765161
[698] 765337 765512 765652 765760 765843 765910 766005 766085 766155 766261 766358 766436 766509 766571 766604 766645 766685
[715] 766701 766717 766724 766740 766790 766857
1-5 6-14 15-54 55-