100014756,387,387,687,1,0,0,0,0,56,2,4,6,23,0,5,5,5,5,5,5,5,5,5,5,0,0,1,4,11,25,11.2,0.0,Infinity,1.0,1.0,0.0,720,0,0,0,0,1
100268421,0,720,567,5,0,0,0,0,25,1,17,19,24,0,5,5,5,5,5,5,5,5,5,5,0,0,0,4,5,6,5.0,0.0,Infinity,1.0,1.0,0.0,720,0,0,0,0,0
100310674,0,720,702,111,0,0,0,0,34,0,0,1,13,0,5,5,5,5,5,5,5,5,5,5,0,0,0,1,2,9,6.8,0.0,Infinity,1.0,1.0,0.0,720,0,0,0,0,0
100699909,0,720,707,1,0,0,0,0,52,3,6,9,10,0,5,5,5,5,5,5,5,5,5,5,0,0,0,5,6,18,10.4,0.0,Infinity,1.0,1.0,0.0,720,0,0,0,0,0
101821448,0,720,587,112,0,0,0,0,19,0,0,6,11,0,5,5,5,5,5,5,5,5,5,5,0,0,0,3,6,12,3.8,0.0,Infinity,1.0,1.0,0.0,720,0,0,0,0,0
102700496,0,720,361,313,0,0,0,0,3,0,0,0,2,0,5,5,5,5,5,5,5,5,5,5,0,0,0,0,1,2,0.6,0.0,Infinity,1.0,1.0,0.0,720,0,0,0,0,0
103299356,656,151,687,13,0,0,1,1,57,1,3,11,34,0,5,5,5,5,5,5,5,5,5,5,1,1,2,5,11,19,11.4,0.0,Infinity,1.0,1.0,0.0,720,0,0,1,1,1
10461291,0,720,665,67,0,0,0,0,54,0,3,11,30,0,5,5,5,5,5,5,5,5,5,5,0,0,0,4,8,17,10.8,0.0,Infinity,1.0,1.0,0.0,720,0,0,0,0,0
105181314,0,720,713,29,0,0,0,0,50,0,9,15,16,0,5,5,5,5,5,5,5,5,5,5,0,0,0,4,5,13,10.0,0.0,Infinity,1.0,1.0,0.0,720,0,0,0,0,0
105267575,292,292,707,27,0,0,0,1,56,0,1,21,34,0,5,5,5,5,5,5,5,5,5,5,0,1,1,4,10,18,11.2,0.0,Infinity,1.0,1.0,0.0,720,0,0,0,1,1
109802727,109,109,714,3,0,0,1,1,52,3,7,12,24,0,5,5,5,5,5,5,5,5,5,5,1,1,1,5,12,19,10.4,0.0,Infinity,1.0,1.0,0.0,720,0,0,1,1,1
124053750,252,252,701,56,0,0,0,1,30,0,2,3,17,0,5,5,5,5,5,5,5,5,5,5,0,1,1,2,5,11,6.0,0.0,Infinity,1.0,1.0,0.0,720,0,0,0,1,1
90795949,0,720,219,219,0,0,0,0,1,0,0,0,1,0,5,5,5,5,5,5,5,5,5,5,0,0,0,0,1,1,0.2,0.0,Infinity,1.0,1.0,0.0,720,0,0,0,0,0
95591350,0,720,179,179,0,0,0,0,1,0,0,0,1,0,5,5,5,5,5,5,5,5,5,5,0,0,0,0,1,1,0.2,0.0,Infinity,1.0,1.0,0.0,720,0,0,0,0,0
95993830,0,720,206,206,0,0,0,0,1,0,0,0,1,0,5,5,5,5,5,5,5,5,5,5,0,0,0,0,1,1,0.2,0.0,Infinity,1.0,1.0,0.0,720,0,0,0,0,0
96089426,0,720,545,545,0,0,0,0,1,0,0,0,0,0,5,5,5,5,5,5,5,5,5,5,0,0,0,0,0,1,0.2,0.0,Infinity,1.0,1.0,0.0,720,0,0,0,0,0
96363456,0,720,265,265,0,0,0,0,1,0,0,0,1,0,5,5,5,5,5,5,5,5,5,5,0,0,0,0,1,1,0.2,0.0,Infinity,1.0,1.0,0.0,720,0,0,0,0,0
96927552,0,720,317,317,0,0,0,0,1,0,0,0,1,0,5,5,5,5,5,5,5,5,5,5,0,0,0,0,1,1,0.2,0.0,Infinity,1.0,1.0,0.0,720,0,0,0,0,0
98692568,0,720,707,707,0,0,0,0,1,0,0,0,0,0,5,5,5,5,5,5,5,5,5,5,0,0,0,0,0,1,0.2,0.0,Infinity,1.0,1.0,0.0,720,0,0,0,0,0
9909811,0,720,385,385,0,0,0,0,1,0,0,0,0,0,5,5,5,5,5,5,5,5,5,5,0,0,0,0,0,1,0.2,0.0,Infinity,1.0,1.0,0.0,720,0,0,0,0,0
99512554,0,720,532,532,0,0,0,0,1,0,0,0,0,0,5,5,5,5,5,5,5,5,5,5,0,0,0,0,0,1,0.2,0.0,Infinity,1.0,1.0,0.0,720,0,0,0,0,0
