100014756,387,387,687,1,0,0,0,0,1,2,4,6,23,55,5,5,5,5,5,5,5,5,5,5,0,0,1,4,11,25,0.2,11.0,1.0,1.0,1.0,0.0,720,0,0,0,0,1
100268421,0,720,567,5,0,0,0,0,0,1,17,19,24,25,5,5,5,5,5,5,5,5,5,5,0,0,0,4,5,6,0.0,5.0,1.0,1.0,1.0,0.0,720,0,0,0,0,0
100310674,0,720,702,111,0,0,0,0,0,0,0,1,13,34,5,5,5,5,5,5,5,5,5,5,0,0,0,1,2,9,0.0,6.8,1.0,1.0,1.0,0.0,720,0,0,0,0,0
100699909,0,720,707,1,0,0,0,0,0,3,6,9,10,52,5,5,5,5,5,5,5,5,5,5,0,0,0,5,6,18,0.0,10.4,1.0,1.0,1.0,0.0,720,0,0,0,0,0
101821448,0,720,587,112,0,0,0,0,0,0,0,6,11,19,5,5,5,5,5,5,5,5,5,5,0,0,0,3,6,12,0.0,3.8,1.0,1.0,1.0,0.0,720,0,0,0,0,0
102700496,0,720,361,313,0,0,0,0,0,0,0,0,2,3,5,5,5,5,5,5,5,5,5,5,0,0,0,0,1,2,0.0,0.6,1.0,1.0,1.0,0.0,720,0,0,0,0,0
103299356,656,151,687,13,0,0,1,1,2,1,3,11,34,55,5,5,5,5,5,5,5,5,5,5,1,1,2,5,11,19,0.4,11.0,1.0,1.0,1.0,0.0,720,0,0,1,1,1
10461291,0,720,665,67,0,0,0,0,0,0,3,11,30,54,5,5,5,5,5,5,5,5,5,5,0,0,0,4,8,17,0.0,10.8,1.0,1.0,1.0,0.0,720,0,0,0,0,0
105181314,0,720,713,29,0,0,0,0,0,0,9,15,16,50,5,5,5,5,5,5,5,5,5,5,0,0,0,4,5,13,0.0,10.0,1.0,1.0,1.0,0.0,720,0,0,0,0,0
105267575,292,292,707,27,0,0,0,1,1,0,1,21,34,55,5,5,5,5,5,5,5,5,5,5,0,1,1,4,10,18,0.2,11.0,1.0,1.0,1.0,0.0,720,0,0,0,1,1
109802727,109,109,714,3,0,0,1,1,1,3,7,12,24,51,5,5,5,5,5,5,5,5,5,5,1,1,1,5,12,19,0.2,10.2,1.0,1.0,1.0,0.0,720,0,0,1,1,1
124053750,252,252,701,56,0,0,0,1,1,0,2,3,17,29,5,5,5,5,5,5,5,5,5,5,0,1,1,2,5,11,0.2,5.8,1.0,1.0,1.0,0.0,720,0,0,0,1,1
90795949,0,720,219,219,0,0,0,0,0,0,0,0,1,1,5,5,5,5,5,5,5,5,5,5,0,0,0,0,1,1,0.0,0.2,1.0,1.0,1.0,0.0,720,0,0,0,0,0
95591350,0,720,179,179,0,0,0,0,0,0,0,0,1,1,5,5,5,5,5,5,5,5,5,5,0,0,0,0,1,1,0.0,0.2,1.0,1.0,1.0,0.0,720,0,0,0,0,0
95993830,0,720,206,206,0,0,0,0,0,0,0,0,1,1,5,5,5,5,5,5,5,5,5,5,0,0,0,0,1,1,0.0,0.2,1.0,1.0,1.0,0.0,720,0,0,0,0,0
96089426,0,720,545,545,0,0,0,0,0,0,0,0,0,1,5,5,5,5,5,5,5,5,5,5,0,0,0,0,0,1,0.0,0.2,1.0,1.0,1.0,0.0,720,0,0,0,0,0
96363456,0,720,265,265,0,0,0,0,0,0,0,0,1,1,5,5,5,5,5,5,5,5,5,5,0,0,0,0,1,1,0.0,0.2,1.0,1.0,1.0,0.0,720,0,0,0,0,0
96927552,0,720,317,317,0,0,0,0,0,0,0,0,1,1,5,5,5,5,5,5,5,5,5,5,0,0,0,0,1,1,0.0,0.2,1.0,1.0,1.0,0.0,720,0,0,0,0,0
98692568,0,720,707,707,0,0,0,0,0,0,0,0,0,1,5,5,5,5,5,5,5,5,5,5,0,0,0,0,0,1,0.0,0.2,1.0,1.0,1.0,0.0,720,0,0,0,0,0
9909811,0,720,385,385,0,0,0,0,0,0,0,0,0,1,5,5,5,5,5,5,5,5,5,5,0,0,0,0,0,1,0.0,0.2,1.0,1.0,1.0,0.0,720,0,0,0,0,0
99512554,0,720,532,532,0,0,0,0,0,0,0,0,0,1,5,5,5,5,5,5,5,5,5,5,0,0,0,0,0,1,0.0,0.2,1.0,1.0,1.0,0.0,720,0,0,0,0,0
