100014756,387,387,687,1,0,0,0,0,1,2,4,6,23,55,0,0,0,0,1,2,4,6,20,47,0,0,1,4,11,25,1.0,1.1702127659574468,1.0,1.0,1.0,0.0,720,0,0,0,0,1
100268421,0,720,567,5,0,0,0,0,0,1,17,19,24,25,0,0,0,0,0,1,14,16,20,21,0,0,0,4,5,6,NaN,1.1904761904761905,1.0,1.0,1.0,0.0,720,0,0,0,0,0
100310674,0,720,702,111,0,0,0,0,0,0,0,1,13,34,0,0,0,0,0,0,0,1,13,32,0,0,0,1,2,9,NaN,1.0625,1.0,1.0,1.0,0.0,720,0,0,0,0,0
100699909,0,720,707,1,0,0,0,0,0,3,6,9,10,52,0,0,0,0,0,3,6,9,9,47,0,0,0,5,6,18,NaN,1.1063829787234043,1.0,1.0,1.0,0.0,720,0,0,0,0,0
101821448,0,720,587,112,0,0,0,0,0,0,0,6,11,19,0,0,0,0,0,0,0,5,9,16,0,0,0,3,6,12,NaN,1.1875,1.0,1.0,1.0,0.0,720,0,0,0,0,0
102700496,0,720,361,313,0,0,0,0,0,0,0,0,2,3,0,0,0,0,0,0,0,0,2,3,0,0,0,0,1,2,NaN,1.0,1.0,1.0,1.0,0.0,720,0,0,0,0,0
103299356,656,151,687,13,0,0,1,1,2,1,3,11,34,55,0,0,1,1,2,1,3,10,30,47,1,1,2,5,11,19,1.0,1.1702127659574468,1.0,1.0,1.0,0.0,720,0,0,1,1,1
10461291,0,720,665,67,0,0,0,0,0,0,3,11,30,54,0,0,0,0,0,0,3,11,29,50,0,0,0,4,8,17,NaN,1.08,1.0,1.0,1.0,0.0,720,0,0,0,0,0
105181314,0,720,713,29,0,0,0,0,0,0,9,15,16,50,0,0,0,0,0,0,9,13,14,42,0,0,0,4,5,13,NaN,1.1904761904761905,1.0,1.0,1.0,0.0,720,0,0,0,0,0
105267575,292,292,707,27,0,0,0,1,1,0,1,21,34,55,0,0,0,1,1,0,1,17,26,44,0,1,1,4,10,18,1.0,1.25,1.0,1.0,1.0,0.0,720,0,0,0,1,1
109802727,109,109,714,3,0,0,1,1,1,3,7,12,24,51,0,0,1,1,1,2,6,9,20,42,1,1,1,5,12,19,1.0,1.2142857142857142,1.0,1.0,1.0,0.0,720,0,0,1,1,1
124053750,252,252,701,56,0,0,0,1,1,0,2,3,17,29,0,0,0,1,1,0,1,2,15,23,0,1,1,2,5,11,1.0,1.2608695652173914,1.0,1.0,1.0,0.0,720,0,0,0,1,1
90795949,0,720,219,219,0,0,0,0,0,0,0,0,1,1,0,0,0,0,0,0,0,0,1,1,0,0,0,0,1,1,NaN,1.0,1.0,1.0,1.0,0.0,720,0,0,0,0,0
95591350,0,720,179,179,0,0,0,0,0,0,0,0,1,1,0,0,0,0,0,0,0,0,1,1,0,0,0,0,1,1,NaN,1.0,1.0,1.0,1.0,0.0,720,0,0,0,0,0
95993830,0,720,206,206,0,0,0,0,0,0,0,0,1,1,0,0,0,0,0,0,0,0,1,1,0,0,0,0,1,1,NaN,1.0,1.0,1.0,1.0,0.0,720,0,0,0,0,0
96089426,0,720,545,545,0,0,0,0,0,0,0,0,0,1,0,0,0,0,0,0,0,0,0,1,0,0,0,0,0,1,NaN,1.0,1.0,1.0,1.0,0.0,720,0,0,0,0,0
96363456,0,720,265,265,0,0,0,0,0,0,0,0,1,1,0,0,0,0,0,0,0,0,1,1,0,0,0,0,1,1,NaN,1.0,1.0,1.0,1.0,0.0,720,0,0,0,0,0
96927552,0,720,317,317,0,0,0,0,0,0,0,0,1,1,0,0,0,0,0,0,0,0,1,1,0,0,0,0,1,1,NaN,1.0,1.0,1.0,1.0,0.0,720,0,0,0,0,0
98692568,0,720,707,707,0,0,0,0,0,0,0,0,0,1,0,0,0,0,0,0,0,0,0,1,0,0,0,0,0,1,NaN,1.0,1.0,1.0,1.0,0.0,720,0,0,0,0,0
9909811,0,720,385,385,0,0,0,0,0,0,0,0,0,1,0,0,0,0,0,0,0,0,0,1,0,0,0,0,0,1,NaN,1.0,1.0,1.0,1.0,0.0,720,0,0,0,0,0
99512554,0,720,532,532,0,0,0,0,0,0,0,0,0,1,0,0,0,0,0,0,0,0,0,1,0,0,0,0,0,1,NaN,1.0,1.0,1.0,1.0,0.0,720,0,0,0,0,0
