100628650,0,0,0.0,0.0,0.0,0,0.0,720,435,0,0,0,0,0,0,0,0,1,1,0,0,0,0,0,1
101116952,0,0,0.0,0.0,0.0,0,0.0,720,174,0,0,0,0,0,0,0,1,1,1,0,0,0,0,1,1
101192540,0,0,0.0,0.0,0.0,0,0.0,720,293,0,0,0,0,0,0,0,1,1,1,0,0,0,0,1,1
101669454,0,0,0.0,0.0,0.0,0,0.0,720,568,0,0,0,0,0,0,0,0,1,1,0,0,0,0,0,1
102994986,0,0,0.0,0.0,0.0,0,0.0,720,521,0,0,0,0,0,0,0,0,1,1,0,0,0,0,0,1
104736081,0,0,0.0,0.0,0.0,0,0.0,720,293,0,0,0,0,0,0,0,1,1,1,0,0,0,0,1,1
104781167,0,0,0.0,0.0,0.0,0,0.0,720,520,0,0,0,0,0,0,0,0,1,1,0,0,0,0,0,1
105530343,0,0,0.0,0.0,0.0,0,0.0,720,108,0,0,0,0,0,0,0,1,1,1,0,0,0,1,1,1
105785478,0,0,0.0,0.0,0.0,0,0.0,720,171,0,0,0,0,0,0,0,1,1,1,0,0,0,0,1,1
105972019,0,0,0.0,0.0,0.0,0,0.0,720,365,0,0,0,0,0,0,0,0,2,2,0,0,0,0,0,1
107257771,0,0,0.0,0.0,0.0,0,0.0,720,148,0,0,0,0,0,0,0,2,2,2,0,0,0,1,1,1
108677790,0,0,0.0,0.0,0.0,0,0.0,720,404,0,0,0,0,0,0,0,0,1,1,0,0,0,0,0,1
10870640,0,0,0.0,0.0,0.0,0,0.0,720,220,0,0,0,0,0,0,0,1,2,2,0,0,0,0,1,2
108716988,0,0,0.0,0.0,0.0,0,0.0,720,565,0,0,0,0,0,0,0,0,1,1,0,0,0,0,0,1
108913195,0,0,0.0,0.0,0.0,0,0.0,720,529,0,0,0,0,0,0,0,0,1,1,0,0,0,0,0,1
109254495,0,0,0.0,0.0,0.0,0,0.0,720,656,0,0,0,0,0,0,0,0,2,2,0,0,0,0,0,1
110998990,0,0,0.0,0.0,0.0,0,0.0,720,281,0,0,0,0,0,0,0,1,1,1,0,0,0,0,1,1
111232743,0,0,0.0,0.0,0.0,0,0.0,720,268,0,0,0,0,0,0,0,1,1,1,0,0,0,0,1,1
11141022,0,0,0.0,0.0,0.0,0,0.0,720,108,0,0,0,0,0,0,0,1,1,1,0,0,0,1,1,1
112290,0,0,0.0,0.0,0.0,0,0.0,720,109,0,0,0,0,0,0,0,2,2,2,0,0,0,1,1,1
114304454,0,0,0.0,0.0,0.0,0,0.0,720,120,0,0,0,0,0,0,0,1,1,1,0,0,0,1,1,1
114407102,0,0,0.0,0.0,0.0,0,0.0,720,521,0,0,0,0,0,0,0,0,1,1,0,0,0,0,0,1
115524408,0,0,0.0,0.0,0.0,0,0.0,720,329,0,0,0,0,0,0,0,1,1,1,0,0,0,0,1,1
115844866,0,0,0.0,0.0,0.0,0,0.0,720,44,0,0,0,0,0,0,1,1,1,1,0,0,0,1,1,1
116746858,0,0,0.0,0.0,0.0,0,0.0,720,555,0,0,0,0,0,0,0,0,1,1,0,0,0,0,0,1
117026218,0,0,0.0,0.0,0.0,0,0.0,720,531,0,0,0,0,0,0,0,0,1,1,0,0,0,0,0,1
118831715,0,0,0.0,0.0,0.0,0,0.0,720,220,0,0,0,0,0,0,0,1,1,1,0,0,0,0,1,1
119283314,0,0,0.0,0.0,0.0,0,0.0,720,29,0,0,0,0,0,0,1,1,1,1,0,0,0,1,1,1
120669429,0,0,0.0,0.0,0.0,0,0.0,720,332,0,0,0,0,0,0,0,1,1,1,0,0,0,0,1,1
120895121,0,0,0.0,0.0,0.0,0,0.0,720,127,0,0,0,0,0,0,0,1,1,1,0,0,0,1,1,1
121583714,0,0,0.0,0.0,0.0,0,0.0,720,269,0,0,0,0,0,0,0,1,1,1,0,0,0,0,1,1
122801548,0,0,0.0,0.0,0.0,0,0.0,720,674,0,0,0,0,0,0,0,0,1,1,0,0,0,0,0,1
123509775,0,0,0.0,0.0,0.0,0,0.0,720,336,0,0,0,0,0,0,0,1,1,1,0,0,0,0,1,1
125900753,0,0,0.0,0.0,0.0,0,0.0,720,67,0,0,0,0,0,0,1,1,1,1,0,0,0,1,1,1
126384452,0,0,1.0,0.0,0.0,0,0.0,720,720,0,0,0,0,0,0,0,0,0,0,0,0,0,0,0,0
127172212,0,0,0.0,0.0,0.0,0,0.0,720,290,0,0,0,0,0,0,0,1,1,1,0,0,0,0,1,1
128004678,0,0,0.0,0.0,0.0,0,0.0,720,6,0,0,0,0,0,1,1,1,1,1,0,0,0,1,1,1
128160378,0,0,0.0,0.0,0.0,0,0.0,720,109,0,0,0,0,0,0,0,1,1,1,0,0,0,1,1,1
129140949,0,0,0.0,0.0,0.0,0,0.0,720,7,0,0,0,0,0,2,2,2,2,2,0,0,0,1,1,1
129722048,0,0,0.0,0.0,0.0,0,0.0,720,445,0,0,0,0,0,0,0,0,2,2,0,0,0,0,0,2
129733892,0,0,0.0,0.0,0.0,0,0.0,720,541,0,0,0,0,0,0,0,0,1,1,0,0,0,0,0,1
130105308,0,0,0.0,0.0,0.0,0,0.0,720,6,0,0,0,0,0,1,1,1,1,1,0,0,0,1,1,1
131203277,0,0,0.0,0.0,0.0,0,0.0,720,703,0,0,0,0,0,0,0,0,1,1,0,0,0,0,0,1
131446668,0,0,0.0,0.0,0.0,0,0.0,720,6,0,0,0,0,0,1,1,1,1,1,0,0,0,1,1,1
131528470,0,0,0.0,0.0,0.0,0,0.0,720,327,0,0,0,0,0,0,0,1,1,1,0,0,0,0,1,1
133132561,0,0,0.0,0.0,0.0,0,0.0,720,126,0,0,0,0,0,0,0,2,2,2,0,0,0,2,2,2
134429349,0,0,0.0,0.0,0.0,0,0.0,720,293,0,0,0,0,0,0,0,1,1,1,0,0,0,0,1,1
134625812,0,0,0.0,0.0,0.0,0,0.0,720,648,0,0,0,0,0,0,0,0,1,1,0,0,0,0,0,1
135230557,0,0,0.0,0.0,0.0,0,0.0,720,298,0,0,0,0,0,0,0,1,2,2,0,0,0,0,1,2
135971605,0,0,0.0,0.0,0.0,0,0.0,720,137,0,0,0,0,0,0,0,1,1,1,0,0,0,1,1,1
136366194,0,0,0.0,0.0,0.0,0,0.0,720,652,0,0,0,0,0,0,0,0,1,1,0,0,0,0,0,1
136637383,0,0,0.0,0.0,0.0,0,0.0,720,6,0,0,0,0,0,1,1,1,1,1,0,0,0,1,1,1
137287681,0,0,0.0,0.0,0.0,0,0.0,720,112,0,0,0,0,0,0,0,2,2,2,0,0,0,1,1,1
138638751,0,0,0.0,0.0,0.0,0,0.0,720,86,0,0,0,0,0,0,0,1,1,1,0,0,0,1,1,1
140110022,0,0,0.0,0.0,0.0,0,0.0,720,320,0,0,0,0,0,0,0,1,3,3,0,0,0,0,1,3
141844994,0,0,0.0,0.0,0.0,0,0.0,720,323,0,0,0,0,0,0,0,1,1,1,0,0,0,0,1,1
142692029,0,0,0.0,0.0,0.0,0,0.0,720,107,0,0,0,0,0,0,0,1,1,1,0,0,0,1,1,1
143363529,0,0,0.0,0.0,0.0,0,0.0,720,294,0,0,0,0,0,0,0,1,1,1,0,0,0,0,1,1
144095189,0,0,0.0,0.0,0.0,0,0.0,720,649,0,0,0,0,0,0,0,0,1,1,0,0,0,0,0,1
145298547,0,0,0.0,0.0,0.0,0,0.0,720,206,0,0,0,0,0,0,0,1,1,1,0,0,0,0,1,1
145339182,0,0,0.0,0.0,0.0,0,0.0,720,650,0,0,0,0,0,0,0,0,1,1,0,0,0,0,0,1
147737101,0,0,0.0,0.0,0.0,0,0.0,720,420,0,0,0,0,0,0,0,0,2,2,0,0,0,0,0,1
147844646,0,0,0.0,0.0,0.0,0,0.0,720,139,0,0,0,0,0,0,0,1,1,1,0,0,0,1,1,1
151220800,0,0,0.0,0.0,0.0,0,0.0,720,400,0,0,0,0,0,0,0,0,1,1,0,0,0,0,0,1
151893167,0,0,0.0,0.0,0.0,0,0.0,720,483,0,0,0,0,0,0,0,0,1,1,0,0,0,0,0,1
152675390,0,0,0.0,0.0,0.0,0,0.0,720,365,0,0,0,0,0,0,0,0,1,1,0,0,0,0,0,1
15511220,0,0,0.0,0.0,0.0,0,0.0,720,329,0,0,0,0,0,0,0,1,1,1,0,0,0,0,1,1
15561008,0,0,0.0,0.0,0.0,0,0.0,720,698,0,0,0,0,0,0,0,0,1,1,0,0,0,0,0,1
155689777,0,0,0.0,0.0,0.0,0,0.0,720,264,0,0,0,0,0,0,0,1,1,1,0,0,0,0,1,1
157117837,0,0,0.0,0.0,0.0,0,0.0,720,154,0,0,0,0,0,0,0,1,1,1,0,0,0,1,1,1
157237515,0,0,0.0,0.0,0.0,0,0.0,720,320,0,0,0,0,0,0,0,1,1,1,0,0,0,0,1,1
157921662,0,0,0.0,0.0,0.0,0,0.0,720,535,0,0,0,0,0,0,0,0,1,1,0,0,0,0,0,1
160104117,0,0,0.0,0.0,0.0,0,0.0,720,268,0,0,0,0,0,0,0,1,1,1,0,0,0,0,1,1
160953241,0,0,0.0,0.0,0.0,0,0.0,720,594,0,0,0,0,0,0,0,0,1,1,0,0,0,0,0,1
162578615,0,0,0.0,0.0,0.0,0,0.0,720,556,0,0,0,0,0,0,0,0,1,1,0,0,0,0,0,1
163584007,0,0,0.0,0.0,0.0,0,0.0,720,362,0,0,0,0,0,0,0,0,1,1,0,0,0,0,0,1
163900244,0,0,0.0,0.0,0.0,0,0.0,720,253,0,0,0,0,0,0,0,1,1,1,0,0,0,0,1,1
166397523,0,0,0.0,0.0,0.0,0,0.0,720,505,0,0,0,0,0,0,0,0,1,1,0,0,0,0,0,1
166890941,0,0,0.0,0.0,0.0,0,0.0,720,448,0,0,0,0,0,0,0,0,1,1,0,0,0,0,0,1
167074648,0,0,0.0,0.0,0.0,0,0.0,720,665,0,0,0,0,0,0,0,0,1,1,0,0,0,0,0,1
168023520,0,0,0.0,0.0,0.0,0,0.0,720,113,0,0,0,0,0,0,0,2,2,2,0,0,0,1,2,2
168496189,0,0,0.0,0.0,0.0,0,0.0,720,423,0,0,0,0,0,0,0,0,1,1,0,0,0,0,0,1
170845946,0,0,0.0,0.0,0.0,0,0.0,720,446,0,0,0,0,0,0,0,0,1,1,0,0,0,0,0,1
17120268,0,0,0.0,0.0,0.0,0,0.0,720,293,0,0,0,0,0,0,0,1,1,1,0,0,0,0,1,1
171409471,0,0,0.0,0.0,0.0,0,0.0,720,604,0,0,0,0,0,0,0,0,1,1,0,0,0,0,0,1
172265320,0,0,0.0,0.0,0.0,0,0.0,720,51,0,0,0,0,0,0,1,1,1,1,0,0,0,1,1,1
172512779,0,0,1.0,0.0,0.0,0,0.0,720,720,0,0,0,0,0,0,0,0,0,0,0,0,0,0,0,0
173082767,0,0,0.0,0.0,0.0,0,0.0,720,546,0,0,0,0,0,0,0,0,1,1,0,0,0,0,0,1
173197025,0,0,0.0,0.0,0.0,0,0.0,720,232,0,0,0,0,0,0,0,1,1,1,0,0,0,0,1,1
174063202,0,0,0.0,0.0,0.0,0,0.0,720,462,0,0,0,0,0,0,0,0,1,1,0,0,0,0,0,1
174172696,0,0,0.0,0.0,0.0,0,0.0,720,319,0,0,0,0,0,0,0,1,1,1,0,0,0,0,1,1
174477337,0,0,0.0,0.0,0.0,0,0.0,720,329,0,0,0,0,0,0,0,1,1,1,0,0,0,0,1,1
174949296,0,0,0.0,0.0,0.0,0,0.0,720,652,0,0,0,0,0,0,0,0,1,1,0,0,0,0,0,1
175237471,0,0,0.0,0.0,0.0,0,0.0,720,653,0,0,0,0,0,0,0,0,1,1,0,0,0,0,0,1
176051700,0,0,0.0,0.0,0.0,0,0.0,720,206,0,0,0,0,0,0,0,1,1,1,0,0,0,0,1,1
176688898,0,0,0.0,0.0,0.0,0,0.0,720,491,0,0,0,0,0,0,0,0,1,1,0,0,0,0,0,1
177191120,0,0,0.0,0.0,0.0,0,0.0,720,60,0,0,0,0,0,0,1,1,1,1,0,0,0,1,1,1
178389637,0,0,0.0,0.0,0.0,0,0.0,720,601,0,0,0,0,0,0,0,0,1,1,0,0,0,0,0,1
182983546,0,0,0.0,0.0,0.0,0,0.0,720,87,0,0,0,0,0,0,0,1,1,1,0,0,0,1,1,1
183691518,0,0,0.0,0.0,0.0,0,0.0,720,699,0,0,0,0,0,0,0,0,1,1,0,0,0,0,0,1
183955692,0,0,0.0,0.0,0.0,0,0.0,720,618,0,0,0,0,0,0,0,0,1,1,0,0,0,0,0,1
184078833,0,0,0.0,0.0,0.0,0,0.0,720,491,0,0,0,0,0,0,0,0,1,1,0,0,0,0,0,1
186209549,0,0,0.0,0.0,0.0,0,0.0,720,351,0,0,0,0,0,0,0,1,1,1,0,0,0,0,1,1
186775828,0,0,0.0,0.0,0.0,0,0.0,720,275,0,0,0,0,0,0,0,1,1,1,0,0,0,0,1,1
187080650,0,0,0.0,0.0,0.0,0,0.0,720,184,0,0,0,0,0,0,0,1,1,1,0,0,0,0,1,1
188307386,0,0,0.0,0.0,0.0,0,0.0,720,423,0,0,0,0,0,0,0,0,1,1,0,0,0,0,0,1
1897355,0,0,0.0,0.0,0.0,0,0.0,720,11,0,0,0,0,0,1,1,1,1,1,0,0,0,1,1,1
192037935,0,0,0.0,0.0,0.0,0,0.0,720,701,0,0,0,0,0,0,0,0,1,1,0,0,0,0,0,1
194063017,0,0,0.0,0.0,0.0,0,0.0,720,323,0,0,0,0,0,0,0,1,1,1,0,0,0,0,1,1
194109891,0,0,0.0,0.0,0.0,0,0.0,720,614,0,0,0,0,0,0,0,0,1,1,0,0,0,0,0,1
19598811,0,0,0.0,0.0,0.0,0,0.0,720,138,0,0,0,0,0,0,0,1,1,1,0,0,0,1,1,1
19639820,0,0,0.0,0.0,0.0,0,0.0,720,562,0,0,0,0,0,0,0,0,1,1,0,0,0,0,0,1
197920788,0,0,0.0,0.0,0.0,0,0.0,720,529,0,0,0,0,0,0,0,0,1,1,0,0,0,0,0,1
198037691,0,0,0.0,0.0,0.0,0,0.0,720,146,0,0,0,0,0,0,0,1,1,1,0,0,0,1,1,1
200110723,0,0,0.0,0.0,0.0,0,0.0,720,360,0,0,0,0,0,0,0,0,1,1,0,0,0,0,0,1
200145585,0,0,0.0,0.0,0.0,0,0.0,720,425,0,0,0,0,0,0,0,0,2,2,0,0,0,0,0,1
200353520,0,0,0.0,0.0,0.0,0,0.0,720,531,0,0,0,0,0,0,0,0,1,1,0,0,0,0,0,1
200807595,0,0,0.0,0.0,0.0,0,0.0,720,319,0,0,0,0,0,0,0,1,1,1,0,0,0,0,1,1
201360229,0,0,0.0,0.0,0.0,0,0.0,720,230,0,0,0,0,0,0,0,1,1,1,0,0,0,0,1,1
201826879,0,0,0.0,0.0,0.0,0,0.0,720,99,0,0,0,0,0,0,0,1,1,1,0,0,0,1,1,1
202994477,0,0,0.0,0.0,0.0,0,0.0,720,87,0,0,0,0,0,0,0,1,1,1,0,0,0,1,1,1
203699678,0,0,0.0,0.0,0.0,0,0.0,720,445,0,0,0,0,0,0,0,0,1,1,0,0,0,0,0,1
204606110,1,1,1.0,1.0,0.0,0,0.0,127,720,0,0,1,1,1,0,0,0,0,0,1,1,1,0,0,0
204642418,0,0,0.0,0.0,0.0,0,0.0,720,552,0,0,0,0,0,0,0,0,1,1,0,0,0,0,0,1
205072357,0,0,0.0,0.0,0.0,0,0.0,720,172,0,0,0,0,0,0,0,1,1,1,0,0,0,0,1,1
205072670,0,0,0.0,0.0,0.0,0,0.0,720,74,0,0,0,0,0,0,0,1,1,1,0,0,0,1,1,1
206340783,0,0,0.0,0.0,0.0,0,0.0,720,560,0,0,0,0,0,0,0,0,1,1,0,0,0,0,0,1
206833072,0,0,0.0,0.0,0.0,0,0.0,720,601,0,0,0,0,0,0,0,0,1,1,0,0,0,0,0,1
206850430,0,0,0.0,0.0,0.0,0,0.0,720,205,0,0,0,0,0,0,0,1,1,1,0,0,0,0,1,1
206862344,0,0,0.0,0.0,0.0,0,0.0,720,529,0,0,0,0,0,0,0,0,1,1,0,0,0,0,0,1
207647778,0,0,0.0,0.0,0.0,0,0.0,720,218,0,0,0,0,0,0,0,1,1,1,0,0,0,0,1,1
207828541,0,0,0.0,0.0,0.0,0,0.0,720,148,0,0,0,0,0,0,0,2,3,3,0,0,0,1,1,2
207832290,0,0,0.0,0.0,0.0,0,0.0,720,653,0,0,0,0,0,0,0,0,1,1,0,0,0,0,0,1
208067433,0,0,0.0,0.0,0.0,0,0.0,720,587,0,0,0,0,0,0,0,0,1,1,0,0,0,0,0,1
208134427,0,0,0.0,0.0,0.0,0,0.0,720,556,0,0,0,0,0,0,0,0,1,1,0,0,0,0,0,1
20828283,0,0,0.0,0.0,0.0,0,0.0,720,618,0,0,0,0,0,0,0,0,1,1,0,0,0,0,0,1
210333758,0,0,0.0,0.0,0.0,0,0.0,720,340,0,0,0,0,0,0,0,1,1,1,0,0,0,0,1,1
210693959,0,0,0.0,0.0,0.0,0,0.0,720,543,0,0,0,0,0,0,0,0,1,1,0,0,0,0,0,1
21083961,0,0,0.0,0.0,0.0,0,0.0,720,108,0,0,0,0,0,0,0,1,1,1,0,0,0,1,1,1
211605113,0,0,0.0,0.0,0.0,0,0.0,720,536,0,0,0,0,0,0,0,0,1,1,0,0,0,0,0,1
212796243,0,0,0.0,0.0,0.0,0,0.0,720,429,0,0,0,0,0,0,0,0,1,1,0,0,0,0,0,1
214117810,0,0,0.0,0.0,0.0,0,0.0,720,445,0,0,0,0,0,0,0,0,1,1,0,0,0,0,0,1
215357416,0,0,0.0,0.0,0.0,0,0.0,720,421,0,0,0,0,0,0,0,0,1,1,0,0,0,0,0,1
216487213,0,0,0.0,0.0,0.0,0,0.0,720,314,0,0,0,0,0,0,0,1,1,1,0,0,0,0,1,1
217960002,0,0,0.0,0.0,0.0,0,0.0,720,315,0,0,0,0,0,0,0,1,1,1,0,0,0,0,1,1
218354060,0,0,0.0,0.0,0.0,0,0.0,720,391,0,0,0,0,0,0,0,0,1,1,0,0,0,0,0,1
21854502,0,0,0.0,0.0,0.0,0,0.0,720,43,0,0,0,0,0,0,1,1,1,1,0,0,0,1,1,1
220061370,0,0,0.0,0.0,0.0,0,0.0,720,153,0,0,0,0,0,0,0,1,1,1,0,0,0,1,1,1
221994251,0,0,0.0,0.0,0.0,0,0.0,720,365,0,0,0,0,0,0,0,0,1,1,0,0,0,0,0,1
22302304,0,0,0.0,0.0,0.0,0,0.0,720,556,0,0,0,0,0,0,0,0,1,1,0,0,0,0,0,1
22600521,0,0,0.0,0.0,0.0,0,0.0,720,319,0,0,0,0,0,0,0,1,1,1,0,0,0,0,1,1
227773741,0,0,0.0,0.0,0.0,0,0.0,720,703,0,0,0,0,0,0,0,0,1,1,0,0,0,0,0,1
228005132,0,0,0.0,0.0,0.0,0,0.0,720,563,0,0,0,0,0,0,0,0,1,1,0,0,0,0,0,1
228420816,0,0,0.0,0.0,0.0,0,0.0,720,566,0,0,0,0,0,0,0,0,1,1,0,0,0,0,0,1
229774787,0,0,0.0,0.0,0.0,0,0.0,720,563,0,0,0,0,0,0,0,0,1,1,0,0,0,0,0,1
229836452,0,0,0.0,0.0,0.0,0,0.0,720,582,0,0,0,0,0,0,0,0,1,1,0,0,0,0,0,1
230004537,0,0,0.0,0.0,0.0,0,0.0,720,88,0,0,0,0,0,0,0,1,1,1,0,0,0,1,1,1
230242152,0,0,0.0,0.0,0.0,0,0.0,720,699,0,0,0,0,0,0,0,0,1,1,0,0,0,0,0,1
230723950,0,0,0.0,0.0,0.0,0,0.0,720,206,0,0,0,0,0,0,0,1,1,1,0,0,0,0,1,1
230974645,0,0,0.0,0.0,0.0,0,0.0,720,652,0,0,0,0,0,0,0,0,1,1,0,0,0,0,0,1
231854717,0,0,0.0,0.0,0.0,0,0.0,720,59,0,0,0,0,0,0,1,1,1,1,0,0,0,1,1,1
23448594,0,0,0.0,0.0,0.0,0,0.0,720,103,0,0,0,0,0,0,0,1,1,1,0,0,0,1,1,1
235944579,0,0,0.0,0.0,0.0,0,0.0,720,299,0,0,0,0,0,0,0,1,1,1,0,0,0,0,1,1
235988928,0,0,0.0,0.0,0.0,0,0.0,720,649,0,0,0,0,0,0,0,0,1,1,0,0,0,0,0,1
23687127,0,0,0.0,0.0,0.0,0,0.0,720,535,0,0,0,0,0,0,0,0,1,1,0,0,0,0,0,1
238545696,0,0,1.0,0.0,0.0,0,0.0,720,720,0,0,0,0,0,0,0,0,0,0,0,0,0,0,0,0
239335,0,0,0.0,0.0,0.0,0,0.0,720,77,0,0,0,0,0,0,0,1,1,1,0,0,0,1,1,1
239343073,0,0,0.0,0.0,0.0,0,0.0,720,626,0,0,0,0,0,0,0,0,1,1,0,0,0,0,0,1
240869459,0,0,0.0,0.0,0.0,0,0.0,720,594,0,0,0,0,0,0,0,0,1,1,0,0,0,0,0,1
241049405,0,0,0.0,0.0,0.0,0,0.0,720,391,0,0,0,0,0,0,0,0,1,1,0,0,0,0,0,1
242382074,0,0,0.0,0.0,0.0,0,0.0,720,674,0,0,0,0,0,0,0,0,1,1,0,0,0,0,0,1
245088189,0,0,0.0,0.0,0.0,0,0.0,720,401,0,0,0,0,0,0,0,0,1,1,0,0,0,0,0,1
245311811,0,0,0.0,0.0,0.0,0,0.0,720,696,0,0,0,0,0,0,0,0,1,1,0,0,0,0,0,1
247195167,0,0,0.0,0.0,0.0,0,0.0,720,324,0,0,0,0,0,0,0,2,2,2,0,0,0,0,1,1
248358719,0,0,0.0,0.0,0.0,0,0.0,720,703,0,0,0,0,0,0,0,0,1,1,0,0,0,0,0,1
248603386,0,0,0.0,0.0,0.0,0,0.0,720,702,0,0,0,0,0,0,0,0,1,1,0,0,0,0,0,1
250075794,0,0,0.0,0.0,0.0,0,0.0,720,626,0,0,0,0,0,0,0,0,1,1,0,0,0,0,0,1
251992314,0,0,0.0,0.0,0.0,0,0.0,720,632,0,0,0,0,0,0,0,0,1,1,0,0,0,0,0,1
255395328,0,0,0.0,0.0,0.0,0,0.0,720,390,0,0,0,0,0,0,0,0,1,1,0,0,0,0,0,1
255993556,0,0,0.0,0.0,0.0,0,0.0,720,81,0,0,0,0,0,0,0,1,2,2,0,0,0,1,1,2
25848212,0,0,0.0,0.0,0.0,0,0.0,720,673,0,0,0,0,0,0,0,0,1,1,0,0,0,0,0,1
259098798,0,0,0.0,0.0,0.0,0,0.0,720,673,0,0,0,0,0,0,0,0,1,1,0,0,0,0,0,1
259818969,0,0,0.0,0.0,0.0,0,0.0,720,182,0,0,0,0,0,0,0,1,1,1,0,0,0,0,1,1
260378005,0,0,0.0,0.0,0.0,0,0.0,720,32,0,0,0,0,0,0,2,2,2,2,0,0,0,1,1,1
261294338,0,0,0.0,0.0,0.0,0,0.0,720,6,0,0,0,0,0,1,1,1,1,1,0,0,0,1,1,1
261604780,0,0,0.0,0.0,0.0,0,0.0,720,689,0,0,0,0,0,0,0,0,1,1,0,0,0,0,0,1
261943461,0,0,0.0,0.0,0.0,0,0.0,720,5,0,0,0,0,0,1,1,2,2,2,0,0,0,2,2,2
262874260,0,0,0.0,0.0,0.0,0,0.0,720,130,0,0,0,0,0,0,0,1,1,1,0,0,0,1,1,1
263747522,0,0,0.0,0.0,0.0,0,0.0,720,105,0,0,0,0,0,0,0,1,1,1,0,0,0,1,1,1
265780825,0,0,0.0,0.0,0.0,0,0.0,720,320,0,0,0,0,0,0,0,1,1,1,0,0,0,0,1,1
266907147,0,0,1.0,0.0,0.0,0,0.0,720,720,0,0,0,0,0,0,0,0,0,0,0,0,0,0,0,0
266949398,0,0,0.0,0.0,0.0,0,0.0,720,677,0,0,0,0,0,0,0,0,1,1,0,0,0,0,0,1
266982489,0,0,0.0,0.0,0.0,0,0.0,720,361,0,0,0,0,0,0,0,0,1,1,0,0,0,0,0,1
267355587,0,0,0.0,0.0,0.0,0,0.0,720,625,0,0,0,0,0,0,0,0,1,1,0,0,0,0,0,1
267528499,0,0,0.0,0.0,0.0,0,0.0,720,108,0,0,0,0,0,0,0,1,1,1,0,0,0,1,1,1
267902209,0,0,0.0,0.0,0.0,0,0.0,720,701,0,0,0,0,0,0,0,0,1,1,0,0,0,0,0,1
268911067,0,0,0.0,0.0,0.0,0,0.0,720,30,0,0,0,0,0,0,1,1,1,1,0,0,0,1,1,1
26958582,0,0,0.0,0.0,0.0,0,0.0,720,319,0,0,0,0,0,0,0,1,1,1,0,0,0,0,1,1
270179383,0,0,0.0,0.0,0.0,0,0.0,720,434,0,0,0,0,0,0,0,0,1,1,0,0,0,0,0,1
270213644,0,0,0.0,0.0,0.0,0,0.0,720,656,0,0,0,0,0,0,0,0,1,1,0,0,0,0,0,1
270323190,0,0,0.0,0.0,0.0,0,0.0,720,6,0,0,0,0,0,1,1,1,1,1,0,0,0,1,1,1
270695941,0,0,0.0,0.0,0.0,0,0.0,720,79,0,0,0,0,0,0,0,3,3,3,0,0,0,1,2,2
27089572,0,0,0.0,0.0,0.0,0,0.0,720,651,0,0,0,0,0,0,0,0,1,1,0,0,0,0,0,1
27121464,0,0,0.0,0.0,0.0,0,0.0,720,683,0,0,0,0,0,0,0,0,1,1,0,0,0,0,0,1
271343566,0,0,0.0,0.0,0.0,0,0.0,720,184,0,0,0,0,0,0,0,1,1,1,0,0,0,0,1,1
271524744,0,0,0.0,0.0,0.0,0,0.0,720,652,0,0,0,0,0,0,0,0,1,1,0,0,0,0,0,1
271936937,0,0,0.0,0.0,0.0,0,0.0,720,251,0,0,0,0,0,0,0,2,2,2,0,0,0,0,1,1
273673902,1,1,1.0,1.0,0.0,0,0.0,632,720,0,0,0,1,1,0,0,0,0,0,0,0,1,0,0,0
275292516,0,0,0.0,0.0,0.0,0,0.0,720,605,0,0,0,0,0,0,0,0,1,1,0,0,0,0,0,1
275705059,0,0,0.0,0.0,0.0,0,0.0,720,442,0,0,0,0,0,0,0,0,2,2,0,0,0,0,0,1
276143550,0,0,0.0,0.0,0.0,0,0.0,720,657,0,0,0,0,0,0,0,0,3,3,0,0,0,0,0,2
276952779,0,0,0.0,0.0,0.0,0,0.0,720,268,0,0,0,0,0,0,0,1,1,1,0,0,0,0,1,1
279002131,0,0,0.0,0.0,0.0,0,0.0,720,654,0,0,0,0,0,0,0,0,1,1,0,0,0,0,0,1
280396827,0,0,0.0,0.0,0.0,0,0.0,720,206,0,0,0,0,0,0,0,1,1,1,0,0,0,0,1,1
281244541,0,0,0.0,0.0,0.0,0,0.0,720,461,0,0,0,0,0,0,0,0,1,1,0,0,0,0,0,1
283296591,0,0,0.0,0.0,0.0,0,0.0,720,127,0,0,0,0,0,0,0,3,3,3,0,0,0,1,2,2
28332465,0,0,0.0,0.0,0.0,0,0.0,720,568,0,0,0,0,0,0,0,0,1,1,0,0,0,0,0,1
283559748,0,0,1.0,0.0,0.0,0,0.0,720,720,0,0,0,0,0,0,0,0,0,0,0,0,0,0,0,0
284019855,0,0,1.0,0.0,0.0,0,0.0,720,720,0,0,0,0,0,0,0,0,0,0,0,0,0,0,0,0
28417300,0,0,0.0,0.0,0.0,0,0.0,720,6,0,0,0,0,0,1,1,1,1,1,0,0,0,1,1,1
2857715,0,0,0.0,0.0,0.0,0,0.0,720,649,0,0,0,0,0,0,0,0,2,2,0,0,0,0,0,1
287382048,0,0,0.0,0.0,0.0,0,0.0,720,651,0,0,0,0,0,0,0,0,1,1,0,0,0,0,0,1
288216570,1,1,0.5,1.0,1.0,0,0.0,85,85,0,0,1,1,1,0,0,2,2,2,1,1,1,1,1,1
28831541,0,0,0.0,0.0,0.0,0,0.0,720,653,0,0,0,0,0,0,0,0,1,1,0,0,0,0,0,1
288419296,0,0,0.0,0.0,0.0,0,0.0,720,577,0,0,0,0,0,0,0,0,2,2,0,0,0,0,0,1
28895968,0,0,0.0,0.0,0.0,0,0.0,720,594,0,0,0,0,0,0,0,0,1,1,0,0,0,0,0,1
290766874,0,0,0.0,0.0,0.0,0,0.0,720,613,0,0,0,0,0,0,0,0,1,1,0,0,0,0,0,1
290937163,0,0,0.0,0.0,0.0,0,0.0,720,294,0,0,0,0,0,0,0,1,1,1,0,0,0,0,1,1
292221101,0,0,0.0,0.0,0.0,0,0.0,720,566,0,0,0,0,0,0,0,0,2,2,0,0,0,0,0,1
293094689,0,0,0.0,0.0,0.0,0,0.0,720,43,0,0,0,0,0,0,1,1,1,1,0,0,0,1,1,1
293479527,0,0,0.0,0.0,0.0,0,0.0,720,649,0,0,0,0,0,0,0,0,1,1,0,0,0,0,0,1
294413676,0,0,0.0,0.0,0.0,0,0.0,720,649,0,0,0,0,0,0,0,0,1,1,0,0,0,0,0,1
294874527,0,0,0.0,0.0,0.0,0,0.0,720,205,0,0,0,0,0,0,0,1,1,1,0,0,0,0,1,1
294984885,0,0,0.0,0.0,0.0,0,0.0,720,363,0,0,0,0,0,0,0,0,1,1,0,0,0,0,0,1
298234627,0,0,0.0,0.0,0.0,0,0.0,720,529,0,0,0,0,0,0,0,0,1,1,0,0,0,0,0,1
298319523,0,0,0.0,0.0,0.0,0,0.0,720,663,0,0,0,0,0,0,0,0,1,1,0,0,0,0,0,1
299841150,0,0,0.0,0.0,0.0,0,0.0,720,649,0,0,0,0,0,0,0,0,1,1,0,0,0,0,0,1
301394979,0,0,0.0,0.0,0.0,0,0.0,720,605,0,0,0,0,0,0,0,0,1,1,0,0,0,0,0,1
301975540,0,0,0.0,0.0,0.0,0,0.0,720,584,0,0,0,0,0,0,0,0,1,1,0,0,0,0,0,1
302307512,0,0,0.0,0.0,0.0,0,0.0,720,701,0,0,0,0,0,0,0,0,1,1,0,0,0,0,0,1
302312468,0,0,0.0,0.0,0.0,0,0.0,720,561,0,0,0,0,0,0,0,0,3,3,0,0,0,0,0,2
302413739,0,0,0.0,0.0,0.0,0,0.0,720,128,0,0,0,0,0,0,0,1,1,1,0,0,0,1,1,1
302712963,0,0,0.0,0.0,0.0,0,0.0,720,447,0,0,0,0,0,0,0,0,1,1,0,0,0,0,0,1
303149797,0,0,0.0,0.0,0.0,0,0.0,720,633,0,0,0,0,0,0,0,0,2,2,0,0,0,0,0,1
303461442,0,0,0.0,0.0,0.0,0,0.0,720,518,0,0,0,0,0,0,0,0,2,2,0,0,0,0,0,1
30347406,0,0,0.0,0.0,0.0,0,0.0,720,614,0,0,0,0,0,0,0,0,1,1,0,0,0,0,0,1
303679247,0,0,0.0,0.0,0.0,0,0.0,720,661,0,0,0,0,0,0,0,0,2,2,0,0,0,0,0,1
304989008,0,0,0.0,0.0,0.0,0,0.0,720,299,0,0,0,0,0,0,0,1,1,1,0,0,0,0,1,1
305161843,0,0,0.0,0.0,0.0,0,0.0,720,663,0,0,0,0,0,0,0,0,1,1,0,0,0,0,0,1
306355127,0,0,0.0,0.0,0.0,0,0.0,720,566,0,0,0,0,0,0,0,0,1,1,0,0,0,0,0,1
308058003,0,0,0.0,0.0,0.0,0,0.0,720,711,0,0,0,0,0,0,0,0,1,1,0,0,0,0,0,1
310697719,0,0,0.0,0.0,0.0,0,0.0,720,108,0,0,0,0,0,0,0,1,1,1,0,0,0,1,1,1
311954954,0,0,0.0,0.0,0.0,0,0.0,720,683,0,0,0,0,0,0,0,0,1,1,0,0,0,0,0,1
313873288,0,0,0.0,0.0,0.0,0,0.0,720,614,0,0,0,0,0,0,0,0,1,1,0,0,0,0,0,1
314153822,0,0,0.0,0.0,0.0,0,0.0,720,196,0,0,0,0,0,0,0,1,1,1,0,0,0,0,1,1
314909432,0,0,0.0,0.0,0.0,0,0.0,720,206,0,0,0,0,0,0,0,1,1,1,0,0,0,0,1,1
315583107,0,0,0.0,0.0,0.0,0,0.0,720,30,0,0,0,0,0,0,1,2,2,2,0,0,0,2,2,2
316006022,0,0,0.0,0.0,0.0,0,0.0,720,657,0,0,0,0,0,0,0,0,1,1,0,0,0,0,0,1
316813680,0,0,0.0,0.0,0.0,0,0.0,720,160,0,0,0,0,0,0,0,1,1,1,0,0,0,1,1,1
316946648,0,0,0.0,0.0,0.0,0,0.0,720,589,0,0,0,0,0,0,0,0,1,1,0,0,0,0,0,1
316993322,0,0,0.0,0.0,0.0,0,0.0,720,433,0,0,0,0,0,0,0,0,2,2,0,0,0,0,0,1
317639406,0,0,0.0,0.0,0.0,0,0.0,720,541,0,0,0,0,0,0,0,0,1,1,0,0,0,0,0,1
319475634,0,0,0.0,0.0,0.0,0,0.0,720,146,0,0,0,0,0,0,0,1,1,1,0,0,0,1,1,1
320409806,0,0,0.0,0.0,0.0,0,0.0,720,6,0,0,0,0,0,1,2,2,2,2,0,0,0,2,2,2
321222274,0,0,0.0,0.0,0.0,0,0.0,720,608,0,0,0,0,0,0,0,0,1,1,0,0,0,0,0,1
321861957,0,0,0.0,0.0,0.0,0,0.0,720,291,0,0,0,0,0,0,0,1,1,1,0,0,0,0,1,1
322965657,0,0,0.0,0.0,0.0,0,0.0,720,614,0,0,0,0,0,0,0,0,1,1,0,0,0,0,0,1
323285469,0,0,0.0,0.0,0.0,0,0.0,720,591,0,0,0,0,0,0,0,0,1,1,0,0,0,0,0,1
323583428,0,0,0.0,0.0,0.0,0,0.0,720,294,0,0,0,0,0,0,0,1,1,1,0,0,0,0,1,1
324532572,0,0,0.0,0.0,0.0,0,0.0,720,3,0,0,0,0,0,1,1,1,1,1,0,0,0,1,1,1
325951027,0,0,0.0,0.0,0.0,0,0.0,720,532,0,0,0,0,0,0,0,0,1,1,0,0,0,0,0,1
327125800,0,0,0.0,0.0,0.0,0,0.0,720,319,0,0,0,0,0,0,0,1,1,1,0,0,0,0,1,1
327742305,0,0,0.0,0.0,0.0,0,0.0,720,226,0,0,0,0,0,0,0,2,2,2,0,0,0,0,1,1
328698613,0,0,0.0,0.0,0.0,0,0.0,720,696,0,0,0,0,0,0,0,0,1,1,0,0,0,0,0,1
329843865,0,0,0.0,0.0,0.0,0,0.0,720,649,0,0,0,0,0,0,0,0,1,1,0,0,0,0,0,1
330284612,0,0,0.0,0.0,0.0,0,0.0,720,156,0,0,0,0,0,0,0,1,1,1,0,0,0,1,1,1
330442302,0,0,0.0,0.0,0.0,0,0.0,720,580,0,0,0,0,0,0,0,0,1,1,0,0,0,0,0,1
332622386,0,0,0.0,0.0,0.0,0,0.0,720,317,0,0,0,0,0,0,0,1,1,1,0,0,0,0,1,1
334364165,0,0,0.0,0.0,0.0,0,0.0,720,486,0,0,0,0,0,0,0,0,1,1,0,0,0,0,0,1
335753478,0,0,0.0,0.0,0.0,0,0.0,720,6,0,0,0,0,0,1,1,1,1,1,0,0,0,1,1,1
336200866,0,0,0.0,0.0,0.0,0,0.0,720,337,0,0,0,0,0,0,0,1,1,1,0,0,0,0,1,1
336446774,0,0,0.0,0.0,0.0,0,0.0,720,649,0,0,0,0,0,0,0,0,1,1,0,0,0,0,0,1
336680700,0,0,0.0,0.0,0.0,0,0.0,720,649,0,0,0,0,0,0,0,0,1,1,0,0,0,0,0,1
339138433,0,0,0.0,0.0,0.0,0,0.0,720,455,0,0,0,0,0,0,0,0,1,1,0,0,0,0,0,1
339169746,0,0,0.0,0.0,0.0,0,0.0,720,184,0,0,0,0,0,0,0,1,1,1,0,0,0,0,1,1
339301203,0,0,0.0,0.0,0.0,0,0.0,720,434,0,0,0,0,0,0,0,0,1,1,0,0,0,0,0,1
339475051,0,0,0.0,0.0,0.0,0,0.0,720,610,0,0,0,0,0,0,0,0,1,1,0,0,0,0,0,1
339884704,0,0,0.0,0.0,0.0,0,0.0,720,53,0,0,0,0,0,0,1,1,1,1,0,0,0,1,1,1
340143284,0,0,0.0,0.0,0.0,0,0.0,720,449,0,0,0,0,0,0,0,0,2,2,0,0,0,0,0,1
340217060,0,0,0.0,0.0,0.0,0,0.0,720,11,0,0,0,0,0,1,1,1,1,1,0,0,0,1,1,1
341061117,0,0,0.0,0.0,0.0,0,0.0,720,289,0,0,0,0,0,0,0,1,1,1,0,0,0,0,1,1
341229531,0,0,0.0,0.0,0.0,0,0.0,720,457,0,0,0,0,0,0,0,0,1,1,0,0,0,0,0,1
341449137,0,0,0.0,0.0,0.0,0,0.0,720,113,0,0,0,0,0,0,0,1,1,1,0,0,0,1,1,1
343361915,0,0,0.0,0.0,0.0,0,0.0,720,323,0,0,0,0,0,0,0,1,1,1,0,0,0,0,1,1
343885601,0,0,0.0,0.0,0.0,0,0.0,720,119,0,0,0,0,0,0,0,1,1,1,0,0,0,1,1,1
344093123,0,0,0.0,0.0,0.0,0,0.0,720,554,0,0,0,0,0,0,0,0,1,1,0,0,0,0,0,1
34551581,0,0,0.0,0.0,0.0,0,0.0,720,38,0,0,0,0,0,0,1,1,1,1,0,0,0,1,1,1
345542835,0,0,0.0,0.0,0.0,0,0.0,720,261,0,0,0,0,0,0,0,1,1,1,0,0,0,0,1,1
346133653,0,0,0.0,0.0,0.0,0,0.0,720,6,0,0,0,0,0,1,1,1,1,1,0,0,0,1,1,1
346650854,0,0,0.0,0.0,0.0,0,0.0,720,520,0,0,0,0,0,0,0,0,1,1,0,0,0,0,0,1
347078612,0,0,0.0,0.0,0.0,0,0.0,720,555,0,0,0,0,0,0,0,0,1,1,0,0,0,0,0,1
348622773,0,0,0.0,0.0,0.0,0,0.0,720,544,0,0,0,0,0,0,0,0,1,1,0,0,0,0,0,1
348944648,0,0,0.0,0.0,0.0,0,0.0,720,220,0,0,0,0,0,0,0,1,1,1,0,0,0,0,1,1
349303004,0,0,0.0,0.0,0.0,0,0.0,720,152,0,0,0,0,0,0,0,1,1,1,0,0,0,1,1,1
349952239,0,0,0.0,0.0,0.0,0,0.0,720,320,0,0,0,0,0,0,0,1,1,1,0,0,0,0,1,1
350377922,0,0,0.0,0.0,0.0,0,0.0,720,672,0,0,0,0,0,0,0,0,1,1,0,0,0,0,0,1
350621974,0,0,0.0,0.0,0.0,0,0.0,720,570,0,0,0,0,0,0,0,0,1,1,0,0,0,0,0,1
351409305,0,0,0.0,0.0,0.0,0,0.0,720,290,0,0,0,0,0,0,0,1,1,1,0,0,0,0,1,1
352146890,0,0,0.0,0.0,0.0,0,0.0,720,424,0,0,0,0,0,0,0,0,1,1,0,0,0,0,0,1
352534690,0,0,0.0,0.0,0.0,0,0.0,720,247,0,0,0,0,0,0,0,1,1,1,0,0,0,0,1,1
353454663,0,0,0.0,0.0,0.0,0,0.0,720,151,0,0,0,0,0,0,0,1,1,1,0,0,0,1,1,1
35368802,0,0,0.0,0.0,0.0,0,0.0,720,16,0,0,0,0,0,1,1,1,1,1,0,0,0,1,1,1
355141012,0,0,0.0,0.0,0.0,0,0.0,720,289,0,0,0,0,0,0,0,1,1,1,0,0,0,0,1,1
355689297,0,0,0.0,0.0,0.0,0,0.0,720,541,0,0,0,0,0,0,0,0,2,2,0,0,0,0,0,1
355875857,0,0,0.0,0.0,0.0,0,0.0,720,683,0,0,0,0,0,0,0,0,1,1,0,0,0,0,0,1
356772942,0,0,0.0,0.0,0.0,0,0.0,720,403,0,0,0,0,0,0,0,0,2,2,0,0,0,0,0,1
357104534,0,0,0.0,0.0,0.0,0,0.0,720,130,0,0,0,0,0,0,0,1,1,1,0,0,0,1,1,1
360264809,1,1,0.5,1.0,1.0,0,0.0,363,422,0,0,0,1,1,0,0,0,2,2,0,0,1,0,0,2
362630077,0,0,0.0,0.0,0.0,0,0.0,720,325,0,0,0,0,0,0,0,1,1,1,0,0,0,0,1,1
363536975,1,1,1.0,1.0,0.0,0,0.0,268,720,0,0,1,1,1,0,0,0,0,0,0,1,1,0,0,0
363615207,0,0,0.0,0.0,0.0,0,0.0,720,629,0,0,0,0,0,0,0,0,1,1,0,0,0,0,0,1
363710908,0,0,0.0,0.0,0.0,0,0.0,720,560,0,0,0,0,0,0,0,0,1,1,0,0,0,0,0,1
364289605,0,0,0.0,0.0,0.0,0,0.0,720,321,0,0,0,0,0,0,0,1,1,1,0,0,0,0,1,1
364716462,0,0,0.0,0.0,0.0,0,0.0,720,403,0,0,0,0,0,0,0,0,1,1,0,0,0,0,0,1
36492703,0,0,0.0,0.0,0.0,0,0.0,720,147,0,0,0,0,0,0,0,2,2,2,0,0,0,1,1,1
365127941,0,0,0.0,0.0,0.0,0,0.0,720,319,0,0,0,0,0,0,0,1,1,1,0,0,0,0,1,1
365370570,0,0,0.0,0.0,0.0,0,0.0,720,146,0,0,0,0,0,0,0,1,1,1,0,0,0,1,1,1
365622871,0,0,0.0,0.0,0.0,0,0.0,720,43,0,0,0,0,0,0,1,1,1,1,0,0,0,1,1,1
3678849,0,0,0.0,0.0,0.0,0,0.0,720,25,0,0,0,0,0,0,1,1,1,1,0,0,0,1,1,1
368026178,0,0,0.0,0.0,0.0,0,0.0,720,146,0,0,0,0,0,0,0,1,1,1,0,0,0,1,1,1
368707915,0,0,0.0,0.0,0.0,0,0.0,720,529,0,0,0,0,0,0,0,0,1,1,0,0,0,0,0,1
368876718,0,0,0.0,0.0,0.0,0,0.0,720,556,0,0,0,0,0,0,0,0,1,1,0,0,0,0,0,1
370233524,0,0,0.0,0.0,0.0,0,0.0,720,472,0,0,0,0,0,0,0,0,1,1,0,0,0,0,0,1
371673538,0,0,0.0,0.0,0.0,0,0.0,720,711,0,0,0,0,0,0,0,0,1,1,0,0,0,0,0,1
37226108,0,0,0.0,0.0,0.0,0,0.0,720,529,0,0,0,0,0,0,0,0,1,1,0,0,0,0,0,1
372788816,0,0,0.0,0.0,0.0,0,0.0,720,200,0,0,0,0,0,0,0,1,1,1,0,0,0,0,1,1
37320317,0,0,0.0,0.0,0.0,0,0.0,720,508,0,0,0,0,0,0,0,0,1,1,0,0,0,0,0,1
373367031,0,0,0.0,0.0,0.0,0,0.0,720,123,0,0,0,0,0,0,0,1,1,1,0,0,0,1,1,1
378202605,0,0,0.0,0.0,0.0,0,0.0,720,649,0,0,0,0,0,0,0,0,1,1,0,0,0,0,0,1
378749499,0,0,0.0,0.0,0.0,0,0.0,720,445,0,0,0,0,0,0,0,0,1,1,0,0,0,0,0,1
378901772,0,0,0.0,0.0,0.0,0,0.0,720,591,0,0,0,0,0,0,0,0,1,1,0,0,0,0,0,1
379126815,0,0,0.0,0.0,0.0,0,0.0,720,241,0,0,0,0,0,0,0,1,1,1,0,0,0,0,1,1
380294163,0,0,1.0,0.0,0.0,0,0.0,720,720,0,0,0,0,0,0,0,0,0,0,0,0,0,0,0,0
380646815,0,0,0.0,0.0,0.0,0,0.0,720,44,0,0,0,0,0,0,1,1,1,1,0,0,0,1,1,1
383964302,0,0,0.0,0.0,0.0,0,0.0,720,261,0,0,0,0,0,0,0,1,1,1,0,0,0,0,1,1
384573453,0,0,0.0,0.0,0.0,0,0.0,720,242,0,0,0,0,0,0,0,1,1,1,0,0,0,0,1,1
385061735,0,0,0.0,0.0,0.0,0,0.0,720,553,0,0,0,0,0,0,0,0,2,2,0,0,0,0,0,1
385730498,0,0,0.0,0.0,0.0,0,0.0,720,107,0,0,0,0,0,0,0,1,1,1,0,0,0,1,1,1
386868098,0,0,0.0,0.0,0.0,0,0.0,720,663,0,0,0,0,0,0,0,0,1,1,0,0,0,0,0,1
388697042,0,0,0.0,0.0,0.0,0,0.0,720,381,0,0,0,0,0,0,0,0,1,1,0,0,0,0,0,1
38994630,0,0,0.0,0.0,0.0,0,0.0,720,130,0,0,0,0,0,0,0,1,1,1,0,0,0,1,1,1
390622845,0,0,0.0,0.0,0.0,0,0.0,720,135,0,0,0,0,0,0,0,1,1,1,0,0,0,1,1,1
390768905,0,0,0.0,0.0,0.0,0,0.0,720,8,0,0,0,0,0,1,1,1,1,1,0,0,0,1,1,1
390932383,0,0,0.0,0.0,0.0,0,0.0,720,328,0,0,0,0,0,0,0,1,1,1,0,0,0,0,1,1
391209243,0,0,0.0,0.0,0.0,0,0.0,720,483,0,0,0,0,0,0,0,0,1,1,0,0,0,0,0,1
391741923,0,0,0.0,0.0,0.0,0,0.0,720,434,0,0,0,0,0,0,0,0,1,1,0,0,0,0,0,1
39198020,0,0,0.0,0.0,0.0,0,0.0,720,294,0,0,0,0,0,0,0,1,1,1,0,0,0,0,1,1
393193189,0,0,0.0,0.0,0.0,0,0.0,720,594,0,0,0,0,0,0,0,0,1,1,0,0,0,0,0,1
395082504,0,0,0.0,0.0,0.0,0,0.0,720,32,0,0,0,0,0,0,1,1,3,3,0,0,0,1,1,2
395314221,0,0,0.0,0.0,0.0,0,0.0,720,324,0,0,0,0,0,0,0,1,1,1,0,0,0,0,1,1
396755172,0,0,0.0,0.0,0.0,0,0.0,720,678,0,0,0,0,0,0,0,0,2,2,0,0,0,0,0,1
397642382,0,0,0.0,0.0,0.0,0,0.0,720,439,0,0,0,0,0,0,0,0,1,1,0,0,0,0,0,1
39789438,0,0,0.0,0.0,0.0,0,0.0,720,247,0,0,0,0,0,0,0,1,1,1,0,0,0,0,1,1
398253231,0,0,0.0,0.0,0.0,0,0.0,720,555,0,0,0,0,0,0,0,0,1,1,0,0,0,0,0,1
398263209,0,0,0.0,0.0,0.0,0,0.0,720,319,0,0,0,0,0,0,0,1,1,1,0,0,0,0,1,1
399390236,0,0,0.0,0.0,0.0,0,0.0,720,712,0,0,0,0,0,0,0,0,1,1,0,0,0,0,0,1
401343806,0,0,0.0,0.0,0.0,0,0.0,720,7,0,0,0,0,0,1,1,1,1,1,0,0,0,1,1,1
402271107,0,0,0.0,0.0,0.0,0,0.0,720,146,0,0,0,0,0,0,0,1,1,1,0,0,0,1,1,1
402391768,0,0,0.0,0.0,0.0,0,0.0,720,195,0,0,0,0,0,0,0,1,1,1,0,0,0,0,1,1
403620625,0,0,0.0,0.0,0.0,0,0.0,720,648,0,0,0,0,0,0,0,0,1,1,0,0,0,0,0,1
403943892,0,0,0.0,0.0,0.0,0,0.0,720,6,0,0,0,0,0,2,2,3,3,3,0,0,0,1,2,2
403993240,0,0,0.0,0.0,0.0,0,0.0,720,202,0,0,0,0,0,0,0,1,1,1,0,0,0,0,1,1
40725183,0,0,0.0,0.0,0.0,0,0.0,720,677,0,0,0,0,0,0,0,0,2,2,0,0,0,0,0,1
42690283,0,0,0.0,0.0,0.0,0,0.0,720,672,0,0,0,0,0,0,0,0,1,1,0,0,0,0,0,1
43454449,0,0,0.0,0.0,0.0,0,0.0,720,536,0,0,0,0,0,0,0,0,1,1,0,0,0,0,0,1
44059289,0,0,0.0,0.0,0.0,0,0.0,720,699,0,0,0,0,0,0,0,0,1,1,0,0,0,0,0,1
44078244,0,0,0.0,0.0,0.0,0,0.0,720,365,0,0,0,0,0,0,0,0,1,1,0,0,0,0,0,1
4559972,0,0,0.0,0.0,0.0,0,0.0,720,422,0,0,0,0,0,0,0,0,1,1,0,0,0,0,0,1
45806497,0,0,0.0,0.0,0.0,0,0.0,720,711,0,0,0,0,0,0,0,0,1,1,0,0,0,0,0,1
46450646,0,0,0.0,0.0,0.0,0,0.0,720,614,0,0,0,0,0,0,0,0,1,1,0,0,0,0,0,1
47383599,0,0,0.0,0.0,0.0,0,0.0,720,424,0,0,0,0,0,0,0,0,2,2,0,0,0,0,0,1
49073097,0,0,0.0,0.0,0.0,0,0.0,720,434,0,0,0,0,0,0,0,0,2,2,0,0,0,0,0,1
49562110,0,0,0.0,0.0,0.0,0,0.0,720,314,0,0,0,0,0,0,0,1,1,1,0,0,0,0,1,1
49568917,0,0,0.0,0.0,0.0,0,0.0,720,488,0,0,0,0,0,0,0,0,2,2,0,0,0,0,0,2
50371988,0,0,0.0,0.0,0.0,0,0.0,720,419,0,0,0,0,0,0,0,0,1,1,0,0,0,0,0,1
53781869,0,0,0.0,0.0,0.0,0,0.0,720,435,0,0,0,0,0,0,0,0,1,1,0,0,0,0,0,1
544320,0,0,0.0,0.0,0.0,0,0.0,720,133,0,0,0,0,0,0,0,1,1,1,0,0,0,1,1,1
54770500,0,0,0.0,0.0,0.0,0,0.0,720,319,0,0,0,0,0,0,0,1,1,1,0,0,0,0,1,1
55624957,0,0,0.0,0.0,0.0,0,0.0,720,206,0,0,0,0,0,0,0,1,1,1,0,0,0,0,1,1
56489946,0,0,0.0,0.0,0.0,0,0.0,720,130,0,0,0,0,0,0,0,1,1,1,0,0,0,1,1,1
56795997,0,0,0.0,0.0,0.0,0,0.0,720,364,0,0,0,0,0,0,0,0,1,1,0,0,0,0,0,1
56980026,0,0,0.0,0.0,0.0,0,0.0,720,109,0,0,0,0,0,0,0,1,1,1,0,0,0,1,1,1
57474847,0,0,0.0,0.0,0.0,0,0.0,720,5,0,0,0,0,0,1,1,1,1,1,0,0,0,1,1,1
58429334,0,0,0.0,0.0,0.0,0,0.0,720,155,0,0,0,0,0,0,0,1,1,1,0,0,0,1,1,1
60254726,0,0,0.0,0.0,0.0,0,0.0,720,77,0,0,0,0,0,0,0,1,1,1,0,0,0,1,1,1
60926381,0,0,0.0,0.0,0.0,0,0.0,720,294,0,0,0,0,0,0,0,1,1,1,0,0,0,0,1,1
62210352,0,0,0.0,0.0,0.0,0,0.0,720,109,0,0,0,0,0,0,0,4,4,4,0,0,0,1,2,2
62330972,0,0,0.0,0.0,0.0,0,0.0,720,279,0,0,0,0,0,0,0,1,1,1,0,0,0,0,1,1
62889081,0,0,0.0,0.0,0.0,0,0.0,720,696,0,0,0,0,0,0,0,0,1,1,0,0,0,0,0,1
63116823,0,0,0.0,0.0,0.0,0,0.0,720,131,0,0,0,0,0,0,0,1,1,1,0,0,0,1,1,1
63762331,0,0,0.0,0.0,0.0,0,0.0,720,505,0,0,0,0,0,0,0,0,1,1,0,0,0,0,0,1
64279114,0,0,0.0,0.0,0.0,0,0.0,720,553,0,0,0,0,0,0,0,0,1,1,0,0,0,0,0,1
67051073,0,0,0.0,0.0,0.0,0,0.0,720,320,0,0,0,0,0,0,0,1,1,1,0,0,0,0,1,1
67391593,0,0,0.0,0.0,0.0,0,0.0,720,701,0,0,0,0,0,0,0,0,2,2,0,0,0,0,0,1
67482352,0,0,0.0,0.0,0.0,0,0.0,720,699,0,0,0,0,0,0,0,0,1,1,0,0,0,0,0,1
68714998,0,0,0.0,0.0,0.0,0,0.0,720,485,0,0,0,0,0,0,0,0,1,1,0,0,0,0,0,1
68746978,0,0,0.0,0.0,0.0,0,0.0,720,146,0,0,0,0,0,0,0,1,1,1,0,0,0,1,1,1
69498133,0,0,0.0,0.0,0.0,0,0.0,720,7,0,0,0,0,0,1,1,1,1,1,0,0,0,1,1,1
69657954,0,0,0.0,0.0,0.0,0,0.0,720,16,0,0,0,0,0,1,1,1,1,1,0,0,0,1,1,1
69937178,0,0,0.0,0.0,0.0,0,0.0,720,330,0,0,0,0,0,0,0,1,1,1,0,0,0,0,1,1
69992399,0,0,0.0,0.0,0.0,0,0.0,720,25,0,0,0,0,0,0,1,1,1,1,0,0,0,1,1,1
70547650,0,0,0.0,0.0,0.0,0,0.0,720,424,0,0,0,0,0,0,0,0,1,1,0,0,0,0,0,1
70747068,0,0,0.0,0.0,0.0,0,0.0,720,30,0,0,0,0,0,0,1,1,1,1,0,0,0,1,1,1
71058048,0,0,0.0,0.0,0.0,0,0.0,720,649,0,0,0,0,0,0,0,0,1,1,0,0,0,0,0,1
71769587,0,0,0.0,0.0,0.0,0,0.0,720,208,0,0,0,0,0,0,0,1,1,1,0,0,0,0,1,1
71863438,0,0,0.0,0.0,0.0,0,0.0,720,649,0,0,0,0,0,0,0,0,1,1,0,0,0,0,0,1
71881735,0,0,0.0,0.0,0.0,0,0.0,720,649,0,0,0,0,0,0,0,0,1,1,0,0,0,0,0,1
71994485,0,0,0.0,0.0,0.0,0,0.0,720,607,0,0,0,0,0,0,0,0,2,2,0,0,0,0,0,1
72369279,0,0,0.0,0.0,0.0,0,0.0,720,350,0,0,0,0,0,0,0,1,2,2,0,0,0,0,1,2
72621266,0,0,0.0,0.0,0.0,0,0.0,720,486,0,0,0,0,0,0,0,0,1,1,0,0,0,0,0,1
7482252,0,0,0.0,0.0,0.0,0,0.0,720,38,0,0,0,0,0,0,1,1,1,1,0,0,0,1,1,1
75089144,0,0,0.0,0.0,0.0,0,0.0,720,108,0,0,0,0,0,0,0,1,1,1,0,0,0,1,1,1
75850283,0,0,0.0,0.0,0.0,0,0.0,720,555,0,0,0,0,0,0,0,0,1,1,0,0,0,0,0,1
75949513,0,0,0.0,0.0,0.0,0,0.0,720,112,0,0,0,0,0,0,0,1,1,1,0,0,0,1,1,1
76112226,0,0,0.0,0.0,0.0,0,0.0,720,160,0,0,0,0,0,0,0,2,2,2,0,0,0,1,1,1
78579528,0,0,0.0,0.0,0.0,0,0.0,720,182,0,0,0,0,0,0,0,1,1,1,0,0,0,0,1,1
79458151,0,0,0.0,0.0,0.0,0,0.0,720,577,0,0,0,0,0,0,0,0,1,1,0,0,0,0,0,1
81719764,0,0,0.0,0.0,0.0,0,0.0,720,676,0,0,0,0,0,0,0,0,1,1,0,0,0,0,0,1
82573799,0,0,0.0,0.0,0.0,0,0.0,720,446,0,0,0,0,0,0,0,0,1,1,0,0,0,0,0,1
82999563,0,0,0.0,0.0,0.0,0,0.0,720,685,0,0,0,0,0,0,0,0,1,1,0,0,0,0,0,1
83737554,0,0,0.0,0.0,0.0,0,0.0,720,445,0,0,0,0,0,0,0,0,1,1,0,0,0,0,0,1
83806774,0,0,0.0,0.0,0.0,0,0.0,720,641,0,0,0,0,0,0,0,0,1,1,0,0,0,0,0,1
84363982,0,0,0.0,0.0,0.0,0,0.0,720,200,0,0,0,0,0,0,0,1,1,1,0,0,0,0,1,1
84932211,0,0,0.0,0.0,0.0,0,0.0,720,113,0,0,0,0,0,0,0,2,2,2,0,0,0,1,1,1
88824135,0,0,0.0,0.0,0.0,0,0.0,720,341,0,0,0,0,0,0,0,1,1,1,0,0,0,0,1,1
88854274,0,0,0.0,0.0,0.0,0,0.0,720,395,0,0,0,0,0,0,0,0,1,1,0,0,0,0,0,1
88902169,0,0,0.0,0.0,0.0,0,0.0,720,649,0,0,0,0,0,0,0,0,1,1,0,0,0,0,0,1
90607152,0,0,0.0,0.0,0.0,0,0.0,720,711,0,0,0,0,0,0,0,0,1,1,0,0,0,0,0,1
90910246,0,0,0.0,0.0,0.0,0,0.0,720,649,0,0,0,0,0,0,0,0,1,1,0,0,0,0,0,1
9214962,0,0,0.0,0.0,0.0,0,0.0,720,30,0,0,0,0,0,0,1,1,1,1,0,0,0,1,1,1
9267693,0,0,0.0,0.0,0.0,0,0.0,720,461,0,0,0,0,0,0,0,0,2,2,0,0,0,0,0,1
94028951,0,0,0.0,0.0,0.0,0,0.0,720,51,0,0,0,0,0,0,1,1,1,1,0,0,0,1,1,1
95794816,0,0,0.0,0.0,0.0,0,0.0,720,161,0,0,0,0,0,0,0,1,1,1,0,0,0,1,1,1
9582495,0,0,0.0,0.0,0.0,0,0.0,720,711,0,0,0,0,0,0,0,0,1,1,0,0,0,0,0,1
96118532,0,0,0.0,0.0,0.0,0,0.0,720,518,0,0,0,0,0,0,0,0,1,1,0,0,0,0,0,1
98723089,1,1,0.3333333333333333,1.0,1.0,0,0.0,228,320,0,0,1,1,1,0,0,2,3,3,0,1,1,0,1,2
99304945,0,0,0.0,0.0,0.0,0,0.0,720,269,0,0,0,0,0,0,0,1,1,1,0,0,0,0,1,1
99533873,0,0,0.0,0.0,0.0,0,0.0,720,246,0,0,0,0,0,0,0,1,1,1,0,0,0,0,1,1
