99512554,37320317,3,94gn6nd,9232,2014-11-26 20
9909811,266982489,1,,3475,2014-12-02 23
98692568,27121464,1,94h63np,5201,2014-11-19 13
96089426,114407102,1,949g5i3,836,2014-11-26 07
90795949,402391768,1,94h6dlp,3046,2014-12-09 21
96363456,379126815,1,,10732,2014-12-07 23
95993830,78579528,1,,5027,2014-12-10 10
95591350,58429334,1,95ipq3o,4190,2014-12-11 13
96927552,101192540,2,94oid72,4280,2014-12-05 19
100699909,325951027,1,,4584,2014-11-25 20
102700496,341061117,1,94j5f03,2130,2014-12-05 23
10461291,152675390,1,,5395,2014-12-02 19
100014756,72621266,1,,1083,2014-11-27 18
105181314,42690283,1,,9933,2014-11-20 00
100268421,55624957,1,95ridet,1863,2014-12-09 10
100310674,206862344,1,,2825,2014-11-25 23
105267575,83737554,1,9ps7q04,6287,2014-11-29 11
103299356,301975540,1,,5625,2014-11-23 16
100699909,240869459,1,,10049,2014-11-23 06
102700496,336200866,1,94j5f29,1412,2014-12-03 23
10461291,188307386,1,,2929,2014-11-30 09
100014756,45806497,1,,10894,2014-11-18 09
105181314,90910246,1,9ps7q5e,12407,2014-11-20 23
100268421,262874260,1,95ride1,1863,2014-12-12 14
100310674,53781869,1,95unft2,13176,2014-11-29 21
105267575,21083961,1,,11270,2014-12-13 12
103299356,36492703,1,,3269,2014-12-11 21
100699909,255993556,1,,6513,2014-11-24 09
102700496,355141012,2,94j5f12,2130,2014-12-05 23
10461291,205072357,1,9p3v0ll,1863,2014-12-10 20
100014756,102994986,1,,5027,2014-11-26 07
105181314,71058048,1,9ps7qrv,3000,2014-11-20 23
100268421,280396827,1,95ridoj,1863,2014-12-09 10
100310674,182983546,1,,6000,2014-12-14 09
105267575,50371988,1,,5399,2014-11-30 13
103299356,208067433,1,,1230,2014-11-23 13
100699909,255993556,1,,6513,2014-12-14 15
109802727,40725183,1,99ctkfm,5027,2014-11-19 19
10461291,317639406,1,,7322,2014-11-25 11
100014756,35368802,1,96ndj45,11279,2014-12-17 08
105181314,38994630,1,9ps7q6s,10412,2014-12-12 14
100268421,210693959,1,,3660,2014-11-25 09
100310674,183691518,1,,7350,2014-11-18 21
105267575,303461442,1,9ps7q0g,316,2014-11-26 10
103299356,373367031,1,,9873,2014-12-12 21
100699909,200145585,1,,11279,2014-11-30 07
109802727,40725183,1,99ctljt,5027,2014-11-19 19
10461291,355689297,1,,7322,2014-11-25 11
100014756,207828541,3,,10875,2014-12-03 00
105181314,303679247,1,9ps7qrr,9614,2014-11-20 07
100268421,284019855,1,95ridd7,1863,2014-12-18 19
100310674,352146890,1,,5809,2014-11-30 08
105267575,248603386,1,,12421,2014-11-18 18
103299356,36492703,1,,3269,2014-12-11 21
100699909,160953241,1,,1863,2014-11-23 06
109802727,323285469,1,99ctkfr,2153,2014-11-23 09
10461291,355689297,1,,7322,2014-11-25 11
100014756,267355587,1,,10875,2014-11-21 23
105181314,57474847,1,,732,2014-12-17 19
100268421,28417300,1,95ridoe,1863,2014-12-17 18
100310674,136366194,1,95uct9q,13230,2014-11-20 20
105267575,201360229,1,9ps7q0s,2132,2014-12-08 10
103299356,397642382,1,,5689,2014-11-29 17
100699909,186209549,1,,10392,2014-12-03 09
109802727,7482252,1,99ctkf5,8010,2014-12-16 10
10461291,44078244,1,,5533,2014-12-02 19
100014756,110998990,1,96ndj49,2781,2014-12-06 07
105181314,22302304,1,9ps7qrf,732,2014-11-24 20
100268421,403943892,1,95rider,1863,2014-12-09 10
100310674,230242152,1,,7350,2014-11-18 21
105267575,378749499,1,9ps7q0k,7957,2014-11-29 11
103299356,341229531,1,,2255,2014-11-28 23
100699909,200145585,1,,11279,2014-11-30 07
109802727,81719764,1,99ctlj9,5027,2014-11-19 20
10461291,302307512,1,,5533,2014-11-18 19
100014756,88824135,1,,2781,2014-12-03 19
105181314,82999563,1,,8662,2014-11-19 11
100268421,403943892,1,95ridow,1863,2014-12-17 18
100310674,44059289,1,,7350,2014-11-18 21
105267575,120895121,1,,7957,2014-12-12 17
103299356,339301203,1,,5027,2014-11-29 22
100699909,385061735,1,,11279,2014-11-24 23
109802727,122801548,1,99ctk9n,5027,2014-11-19 22
10461291,221994251,1,,5533,2014-12-02 19
100014756,207828541,1,96ndj9c,10875,2014-12-11 20
105181314,245311811,3,,8662,2014-11-19 00
100268421,261294338,1,95ridlk,1863,2014-12-17 18
100310674,67482352,1,,7350,2014-11-18 21
105267575,120669429,1,,316,2014-12-04 04
103299356,163900244,1,,5027,2014-12-07 11
100699909,131203277,1,,11279,2014-11-18 17
109802727,332622386,1,99ctk45,11257,2014-12-04 19
10461291,94028951,1,,3723,2014-12-15 21
100014756,207828541,1,96ndiue,10875,2014-12-11 20
105181314,108677790,2,,4677,2014-12-01 04
100268421,128004678,1,95ridkb,1863,2014-12-17 18
100310674,200807595,1,,5894,2014-12-04 17
105267575,203699678,1,9ps7qsv,316,2014-11-29 11
103299356,372788816,1,,3271,2014-12-09 16
100699909,175237471,1,97ln2io,5653,2014-11-20 19
109802727,216487213,1,99ctk4n,12685,2014-12-04 22
